156 103 88
192 88 46
181 105 61
192 114 68
98 30 111
161 67 51
41 61 142
123 62 82
201 124 66
173 90 79
160 101 71
53 112 220
94 149 179
187 89 61
192 108 60
162 65 52
199 115 51
182 115 93
141 105 84
148 69 50
165 67 52
184 113 70
37 93 180
118 85 74
78 71 120
160 57 36
156 157 177
146 49 22
159 83 51
0 23 134
15 45 127
171 111 108
138 109 108
183 79 60
145 66 54
39 85 160
9 52 163
7 110 201
158 92 61
136 90 83
50 63 127
15 59 169
116 67 82
35 117 196
171 59 36
205 127 66
91 36 91
137 0 0
3 49 180
170 80 60
187 121 75
176 84 51
13 47 128
184 116 70
181 119 69
149 58 54
143 44 29
23 55 192
186 100 74
0 49 123
148 92 85
0 49 141
136 70 88
8 69 170
140 60 72
138 57 64
130 94 76
161 107 88
28 47 140
39 70 150
178 82 74
124 39 54
9 49 168
142 94 91
164 80 58
188 144 96
0 53 124
136 70 78
175 101 63
205 146 84
201 121 91
139 68 68
5 69 182
193 183 205
205 148 88
115 56 81
52 90 176
208 136 96
7 69 179
159 61 52
206 110 57
108 45 81
170 55 40
191 71 44
145 98 99
49 116 191
172 63 40
199 111 60
153 111 104
151 42 35
169 69 52
12 51 176
0 56 126
183 119 81
75 34 109
138 85 58
189 114 62
74 40 108
37 65 156
203 111 55
14 77 176
192 104 89
45 45 120
0 41 140
94 66 94
7 70 175
107 37 90
204 155 126
199 108 65
144 54 64
0 47 138
45 45 118
191 132 97
33 66 164
94 135 181
195 86 40
199 132 109
68 120 194
192 171 158
13 68 180
178 126 102
198 91 48
32 60 128
145 93 100
203 103 58
154 62 47
0 51 143
71 63 110
11 48 165
175 123 103
151 94 72
153 58 40
8 57 153
116 59 88
175 82 77
160 52 37
190 110 71
163 84 67
200 146 83
203 122 61
209 120 45
18 68 191
61 128 190
188 89 49
51 46 123
167 61 64
159 85 52
124 0 53
184 94 51
198 176 159
129 53 62
24 95 182
52 81 151
0 32 129
28 28 126
168 143 189
184 62 25
201 120 53
149 59 37
136 163 184
28 54 141
153 57 19
104 44 82
193 121 69
170 65 50
198 74 28
35 92 174
113 153 191
195 106 58
192 80 53
201 128 84
171 131 121
14 92 202
21 100 203
179 78 48
22 51 157
188 100 52
7 69 173
172 63 41
127 72 65
190 101 61
56 86 167
0 26 130
92 44 97
36 65 148
39 66 161
156 74 63
150 54 43
134 48 64
106 55 82
42 138 207
178 60 54
14 28 128
10 80 187
201 108 61
183 87 45
179 71 62
183 99 48
178 82 60
120 55 71
113 60 71
8 67 180
43 98 184
112 54 87
70 130 194
66 66 119
122 25 58
12 57 158
10 65 181
161 55 28
173 98 57
134 61 85
191 119 82
202 91 45
142 69 61
169 54 27
189 164 132
201 85 44
132 52 70
35 93 185
31 58 142
172 144 131
108 65 118
174 111 77
171 107 101
157 109 90
115 95 120
188 76 40
79 134 189
169 72 73
8 58 154
146 67 53
11 75 178
186 86 76
191 147 100
168 81 44
184 112 92
168 75 49
20 50 122
160 113 113
62 50 112
7 76 179
141 42 14
186 87 60
0 48 141
191 87 44
166 83 87
162 77 55
191 110 52
77 56 103
82 41 99
140 30 8
29 55 153
171 121 111
186 157 162
159 96 61
100 42 89
160 75 83
169 66 49
154 45 39
15 75 181
188 72 34
153 63 61
175 65 44
6 88 198
121 139 182
183 83 45
193 125 82
32 64 145
192 97 53
194 113 63
207 136 71
48 82 168
0 47 129
7 65 178
162 124 131
45 58 116
196 115 82
176 110 105
92 140 192
189 99 71
177 115 86
80 116 181
16 32 130
157 58 41
18 48 144
25 65 166
190 107 62
191 93 44
141 55 45
150 112 106
189 89 56
152 59 41
196 193 100
10 86 190
194 98 70
205 137 76
127 86 99
10 70 181
211 145 60
168 116 79
24 75 184
40 53 158
146 43 35
135 0 0
122 69 81
152 53 45
0 64 117
171 99 58
159 133 141
146 44 39
18 91 193
189 129 104
134 19 25
108 39 68
108 55 88
194 135 84
54 137 196
200 126 71
171 76 50
168 83 87
31 76 176
50 44 122
40 59 138
103 0 90
173 103 106
54 59 118
196 98 59
125 36 64
178 109 63
205 153 99
180 116 107
48 109 186
149 55 55
154 112 103
173 97 93
61 123 184
8 49 178
74 22 112
152 51 42
56 92 169
125 56 71
43 43 116
174 119 102
96 48 96
147 84 62
67 100 171
165 117 111
164 120 84
180 67 58
41 66 154
188 86 61
20 127 201
136 29 29
36 64 152
104 56 95
0 37 129
199 103 46
135 74 72
156 57 45
88 55 97
140 88 75
196 137 94
128 61 55
186 74 45
190 127 78
183 76 48
39 76 169
19 78 189
148 94 78
50 68 146
147 82 60
2 54 185
173 110 105
197 126 69
26 55 161
156 58 47
158 72 46
159 41 31
183 107 78
90 67 104
182 93 62
183 178 194
188 101 54
198 106 62
42 36 127
201 126 47
8 68 178
189 115 62
145 26 26
197 127 81
156 60 49
131 0 0
200 156 75
135 0 0
206 162 70
188 106 63
150 111 105
186 73 38
170 109 83
92 62 96
1 55 182
162 67 72
45 130 197
73 27 109
8 70 178
151 56 48
121 0 55
177 60 39
150 53 51
52 119 195
2 65 190
174 87 47
138 23 23
170 69 71
14 48 161
123 76 76
101 61 95
33 44 121
199 114 81
188 98 58
190 116 73
61 37 111
71 50 101
12 88 198
96 136 173
9 66 176
143 33 26
33 51 145
40 117 194
192 82 51
21 130 204
138 69 86
34 111 196
95 35 95
197 190 185
201 122 61
45 99 181
17 91 179
15 74 173
150 74 69
180 98 58
12 92 188
136 50 63
27 48 165
22 54 148
14 90 184
89 74 109
192 77 42
156 142 157
187 127 81
149 59 55
139 83 63
54 63 131
12 49 122
57 52 115
195 112 50
107 43 86
155 49 39
161 91 64
200 105 54
148 69 60
133 71 46
167 182 209
12 92 188
190 135 71
149 103 82
8 42 128
188 70 32
127 66 73
2 52 186
171 107 55
12 79 180
182 82 56
146 61 50
202 81 35
150 89 51
72 43 108
90 134 186
12 57 149
69 46 107
45 58 124
189 101 60
201 116 57
31 98 150
148 60 58
121 6 66
185 68 47
8 67 184
192 88 46
134 65 58
80 52 104
188 128 101
0 42 126
144 33 33
136 56 65
8 0 135
57 57 122
167 70 39
39 50 124
65 37 111
63 79 144
172 111 73
169 76 56
137 27 0
126 59 80
15 85 191
176 81 45
196 112 61
9 65 191
154 53 41
168 81 86
173 78 68
123 62 78
9 72 185
114 24 79
32 63 161
187 137 92
198 115 70
152 133 132
154 105 93
11 56 175
130 13 41
97 136 186
25 53 146
171 98 87
95 149 198
0 42 126
31 123 198
158 90 70
143 8 8
142 55 50
110 56 81
15 77 180
169 80 119
160 107 96
196 101 43
45 15 122
197 170 142
48 53 122
172 78 51
68 115 177
45 64 148
174 123 89
207 161 94
24 73 171
102 121 170
49 57 138
40 68 173
41 82 159
189 72 40
22 87 175
5 62 183
136 71 45
62 113 182
198 101 46
209 112 47
95 35 95
81 55 101
26 93 197
202 202 188
11 98 199
178 110 95
64 52 111
23 86 179
101 138 184
26 46 143
14 65 175
171 65 47
150 89 58
184 65 43
142 55 48
119 56 90
205 130 62
59 52 112
199 138 100
139 55 57
15 84 180
23 58 117
25 54 160
40 101 185
82 51 92
39 48 136
89 85 186
184 109 65
126 58 85
6 74 195
187 150 211
153 79 79
39 60 151
187 119 94
173 71 49
30 76 176
156 53 47
21 89 183
12 63 178
6 92 196
8 70 181
110 17 76
129 19 45
180 90 51
178 65 43
173 59 39
22 14 134
186 81 48
99 64 93
33 61 152
185 125 99
31 115 199
189 113 61
155 115 97
171 60 39
97 103 134
215 162 76
147 95 71
50 84 170
165 91 76
140 76 51
69 73 131
195 128 94
0 38 127
227 157 84
53 98 183
184 115 74
159 64 37
8 55 182
156 104 78
178 124 109
11 72 180
37 66 153
191 102 55
180 76 42
189 89 54
175 72 53
186 122 81
13 86 180
187 102 52
147 138 164
58 140 196
136 7 14
79 135 193
190 129 106
138 25 33
205 137 104
136 54 66
8 56 175
12 78 181
25 122 203
181 100 59
169 56 23
214 149 69
198 104 61
192 113 59
58 135 190
9 73 188
0 0 135
186 88 63
74 67 131
113 70 189
0 30 130
186 104 82
184 98 61
145 56 49
44 54 141
10 74 186
97 55 88
192 70 37
39 59 122
33 50 131
11 72 182
103 20 82
179 105 70
18 81 176
183 109 65
163 104 77
10 85 187
124 53 60
179 77 46
56 130 192
22 89 176
103 20 82
145 33 30
137 60 66
4 55 189
33 71 166
133 55 70
29 48 190
197 101 54
34 53 146
184 64 36
42 138 202
204 116 73
87 154 192
198 124 79
183 143 95
0 26 130
28 58 156
46 72 174
197 117 66
202 150 103
169 62 43
196 80 43
176 70 38
188 82 72
188 113 70
22 74 173
6 56 158
194 94 44
35 110 200
197 133 78
0 41 125
181 70 53
179 81 55
204 121 62
5 106 201
123 141 214
65 103 163
21 14 134
11 81 176
143 42 30
166 99 91
11 82 193
2 54 185
131 55 78
195 138 86
181 125 79
209 180 79
167 79 52
144 48 48
103 20 93
7 69 180
3 43 139
181 178 202
123 132 181
196 124 59
23 47 143
19 85 176
174 77 50
50 61 154
148 52 24
163 72 65
12 79 180
144 56 67
15 69 163
194 160 145
108 146 190
13 99 194
112 72 91
153 25 8
154 63 56
57 34 115
188 100 52
0 19 136
191 124 75
165 80 61
184 102 53
83 85 127
168 132 123
118 111 133
187 95 55
0 45 125
24 55 124
29 92 198
108 62 82
193 111 61
10 75 180
22 80 180
84 117 191
190 112 68
133 40 5
188 78 49
195 123 67
16 54 173
108 63 87
205 125 82
22 80 179
198 150 80
7 73 179
25 116 200
79 13 105
189 119 89
73 54 108
167 107 103
15 52 130
153 55 62
184 129 100
182 81 57
20 81 181
196 129 75
169 67 67
143 56 58
191 168 106
135 74 49
171 121 110
155 49 20
187 76 35
45 75 175
124 80 90
180 70 44
146 78 78
67 127 188
121 151 192
107 28 84
197 146 114
184 93 56
5 78 193
184 104 69
162 65 55
166 83 87
204 121 91
35 47 119
32 104 195
173 81 49
18 100 197
120 51 72
10 48 174
115 42 80
185 114 94
190 73 35
74 88 136
179 86 43
104 0 83
134 63 68
140 32 24
29 94 192
95 56 91
203 149 93
144 98 98
203 133 63
13 49 134
47 72 160
201 201 201
117 149 188
186 69 30
46 129 198
15 47 126
189 103 54
185 162 163
203 126 73
22 96 196
37 53 134
137 136 188
31 53 152
10 71 181
0 19 133
177 109 109
0 32 129
134 0 0
17 73 172
201 97 40
146 57 35
9 84 188
162 58 37
173 83 63
157 66 66
40 48 120
14 50 138
183 93 57
123 61 77
41 123 193
121 0 55
13 110 202
207 159 87
106 62 91
169 43 20
169 79 52
99 61 92
183 93 50
166 101 98
204 110 63
0 41 131
101 155 211
172 111 78
197 141 76
186 138 91
133 59 44
134 67 46
21 114 197
60 112 181
54 65 141
110 58 86
8 64 179
175 86 63
15 52 136
172 118 85
143 59 50
52 77 161
183 73 39
145 97 94
199 135 73
11 73 180
136 0 0
161 140 144
161 107 98
134 71 77
197 140 84
181 66 42
127 59 72
90 99 121
136 59 68
101 60 86
44 50 122
8 67 186
162 70 55
164 77 49
8 45 172
166 83 56
202 161 124
40 65 130
123 155 193
189 109 65
27 75 165
187 121 62
195 106 48
193 105 48
191 122 72
39 99 182
185 90 47
175 78 51
39 64 155
48 124 174
208 165 76
72 36 139
14 115 201
26 83 176
10 78 184
189 69 39
5 73 180
7 85 193
135 37 50
141 0 0
6 66 193
84 44 104
91 81 121
0 47 139
38 77 179
9 76 188
203 98 43
137 79 49
199 105 53
170 62 35
163 62 33
161 125 121
168 54 37
180 83 59
38 58 142
34 50 145
198 124 70
203 127 78
112 40 84
159 93 64
13 84 187
39 106 192
138 50 23
102 130 210
43 85 160
5 94 198
200 150 113
169 67 42
13 50 171
48 112 184
0 31 127
12 83 189
95 62 98
135 58 55
169 52 24
153 68 68
5 76 179
123 49 69
163 73 36
8 65 180
199 116 84
47 118 182
32 103 193
125 93 91
132 59 73
69 127 189
31 45 144
119 62 108
11 63 181
0 34 130
188 124 61
12 78 180
187 101 97
165 47 34
53 70 151
200 126 71
116 152 178
143 64 58
206 196 109
